jkuck@lightroast:~/lsst$ python timeSpatiallyVaryingConvolveDifferentCoefficients.py 
All kernels use a spatial model of a Polynomial2 of order 3

*** Test convolution with MaskedImageF ***

AnalyticKernel using no interpolation
ImWid	ImHt	KerWid	KerHt	Sec/Cnv
polynomial:
[[1.001, 1.002, 1.003, 1.004, 1.005, 1.006, 1.007, 1.008, 1.009, 1.01], [2.001, 2.002, 2.003, 2.004, 2.005, 2.006, 2.007, 2.008, 2.009, 2.01], [3.001, 3.002, 3.003, 3.004, 3.005, 3.006, 3.007, 3.008, 3.009, 3.01]]
done printing polynomial
2048	1489	5	5	3.52
polynomial:
[[1.001, 1.002, 1.003, 1.004, 1.005, 1.006, 1.007, 1.008, 1.009, 1.01], [2.001, 2.002, 2.003, 2.004, 2.005, 2.006, 2.007, 2.008, 2.009, 2.01], [3.001, 3.002, 3.003, 3.004, 3.005, 3.006, 3.007, 3.008, 3.009, 3.01]]
done printing polynomial
2048	1489	11	11	15.45
polynomial:
[[1.001, 1.002, 1.003, 1.004, 1.005, 1.006, 1.007, 1.008, 1.009, 1.01], [2.001, 2.002, 2.003, 2.004, 2.005, 2.006, 2.007, 2.008, 2.009, 2.01], [3.001, 3.002, 3.003, 3.004, 3.005, 3.006, 3.007, 3.008, 3.009, 3.01]]
done printing polynomial
2048	1489	19	19	45.69

SeparableKernel using no interpolation
ImWid	ImHt	KerWid	KerHt	Sec/Cnv
[[1.001, 1.002, 1.003, 1.004, 1.005, 1.006, 1.007, 1.008, 1.009, 1.01], [2.001, 2.002, 2.003, 2.004, 2.005, 2.006, 2.007, 2.008, 2.009, 2.01]]
2048	1489	5	5	0.54
[[1.001, 1.002, 1.003, 1.004, 1.005, 1.006, 1.007, 1.008, 1.009, 1.01], [2.001, 2.002, 2.003, 2.004, 2.005, 2.006, 2.007, 2.008, 2.009, 2.01]]
2048	1489	11	11	1.36
[[1.001, 1.002, 1.003, 1.004, 1.005, 1.006, 1.007, 1.008, 1.009, 1.01], [2.001, 2.002, 2.003, 2.004, 2.005, 2.006, 2.007, 2.008, 2.009, 2.01]]
2048	1489	19	19	2.84

LinearCombinationKernel using no interpolation
ImWid	ImHt	KerWid	KerHt	Sec/Cnv
[[1.001, 1.002, 1.003, 1.004, 1.005, 1.006, 1.007, 1.008, 1.009, 1.01], [2.001, 2.002, 2.003, 2.004, 2.005, 2.006, 2.007, 2.008, 2.009, 2.01], [3.001, 3.002, 3.003, 3.004, 3.005, 3.006, 3.007, 3.008, 3.009, 3.01], [4.001, 4.002, 4.003, 4.004, 4.005, 4.006, 4.007, 4.008, 4.009, 4.01], [5.001, 5.002, 5.003, 5.004, 5.005, 5.006, 5.007, 5.008, 5.009, 5.01]]
2048	1489	5	5	0.76
[[1.001, 1.002, 1.003, 1.004, 1.005, 1.006, 1.007, 1.008, 1.009, 1.01], [2.001, 2.002, 2.003, 2.004, 2.005, 2.006, 2.007, 2.008, 2.009, 2.01], [3.001, 3.002, 3.003, 3.004, 3.005, 3.006, 3.007, 3.008, 3.009, 3.01], [4.001, 4.002, 4.003, 4.004, 4.005, 4.006, 4.007, 4.008, 4.009, 4.01], [5.001, 5.002, 5.003, 5.004, 5.005, 5.006, 5.007, 5.008, 5.009, 5.01]]
2048	1489	11	11	2.20
[[1.001, 1.002, 1.003, 1.004, 1.005, 1.006, 1.007, 1.008, 1.009, 1.01], [2.001, 2.002, 2.003, 2.004, 2.005, 2.006, 2.007, 2.008, 2.009, 2.01], [3.001, 3.002, 3.003, 3.004, 3.005, 3.006, 3.007, 3.008, 3.009, 3.01], [4.001, 4.002, 4.003, 4.004, 4.005, 4.006, 4.007, 4.008, 4.009, 4.01], [5.001, 5.002, 5.003, 5.004, 5.005, 5.006, 5.007, 5.008, 5.009, 5.01]]
2048	1489	19	19	5.27

